local ScreenGui = Instance.new("ScreenGui")
local main = Instance.new("Frame")
local TextLabel = Instance.new("TextLabel")
local teams = Instance.new("Frame")
local teamslabel = Instance.new("TextLabel")
local criminals = Instance.new("TextButton")
local guards = Instance.new("TextButton")
local inmates = Instance.new("TextButton")
local neutral = Instance.new("TextButton")
local kteams = Instance.new("Frame")
local kteamslabel = Instance.new("TextLabel")
local kcops = Instance.new("TextButton")
local kpris = Instance.new("TextButton")
local kcrims = Instance.new("TextButton")
local kskids = Instance.new("TextButton")
local lkteam = Instance.new("Frame")
local lklabel = Instance.new("TextLabel")
local lkcopson = Instance.new("TextButton")
local lkcopsoff = Instance.new("TextButton")
local lkskidson = Instance.new("TextButton")
local lkskidsoff = Instance.new("TextButton")
local lkcrimson = Instance.new("TextButton")
local lkcrimsoff = Instance.new("TextButton")
local lkprison = Instance.new("TextButton")
local lkprisoff = Instance.new("TextButton")
local tps = Instance.new("Frame")
local tpslabel = Instance.new("TextLabel")
local ourspot = Instance.new("TextButton")
local border = Instance.new("TextButton")
local cells = Instance.new("TextButton")
local bridgebase = Instance.new("TextButton")
local crimbase = Instance.new("TextButton")
local secretroom = Instance.new("TextButton")
local sewers = Instance.new("TextButton")
local roof = Instance.new("TextButton")
local toggles = Instance.new("Frame")
local toggleslabel = Instance.new("TextLabel")
local rainon = Instance.new("TextButton")
local rainoff = Instance.new("TextButton")
local redon = Instance.new("TextButton")
local redoff = Instance.new("TextButton")
local blackon = Instance.new("TextButton")
local blackoff = Instance.new("TextButton")
local gunspawnon = Instance.new("TextButton")
local gunspawnoff = Instance.new("TextButton")
local killauraon = Instance.new("TextButton")
local killauraoff = Instance.new("TextButton")
local arrestauraon = Instance.new("TextButton")
local arrestauraoff = Instance.new("TextButton")
local locals = Instance.new("Frame")
local locallabel = Instance.new("TextLabel")
local ppguns = Instance.new("TextButton")
local colored = Instance.new("TextButton")
local btools = Instance.new("TextButton")
local antifling = Instance.new("TextButton")
local lag = Instance.new("TextButton")
local admin = Instance.new("Frame")
local adminlabel = Instance.new("TextLabel")
local user = Instance.new("TextBox")
local makeadmin = Instance.new("TextButton")
local globals = Instance.new("Frame")
local globaltitle = Instance.new("TextLabel")
local kill = Instance.new("TextButton")
local taze = Instance.new("TextButton")
local makecrim = Instance.new("TextButton")
local killall = Instance.new("TextButton")
local arrestcrims = Instance.new("TextButton")
local tpto = Instance.new("TextButton")
local arrest = Instance.new("TextButton")
local spamoff = Instance.new("TextButton")
local spamon = Instance.new("TextButton")
local plrs = Instance.new("TextBox")
local rejoin = Instance.new("TextButton")
local aron = Instance.new("TextButton")
local aroff = Instance.new("TextButton")

ScreenGui.Parent = game.CoreGui

main.Name = "main"
main.Parent = ScreenGui
main.BackgroundColor3 = Color3.fromRGB(0, 0, 0)
main.Position = UDim2.new(0.139851406, 0, 0.273087084, 0)
main.Size = UDim2.new(0, 581, 0, 405)
main.Visible = true
main.Active = true
main.Draggable = true

TextLabel.Parent = main
TextLabel.BackgroundColor3 = Color3.fromRGB(0, 0, 0)
TextLabel.BorderColor3 = Color3.fromRGB(254, 0, 0)
TextLabel.Size = UDim2.new(0, 581, 0, 23)
TextLabel.Font = Enum.Font.SourceSans
TextLabel.Text = "Cutie gui ^.^ <3"
TextLabel.TextColor3 = Color3.fromRGB(255, 0, 4)
TextLabel.TextSize = 14.000

teams.Name = "teams"
teams.Parent = main
teams.BackgroundColor3 = Color3.fromRGB(255, 255, 255)
teams.Position = UDim2.new(0, 0, 0.0582278371, 0)
teams.Size = UDim2.new(0, 86, 0, 100)

teamslabel.Name = "teamslabel"
teamslabel.Parent = teams
teamslabel.BackgroundColor3 = Color3.fromRGB(0, 0, 0)
teamslabel.BorderColor3 = Color3.fromRGB(255, 0, 0)
teamslabel.Size = UDim2.new(0, 86, 0, 25)
teamslabel.Font = Enum.Font.SourceSans
teamslabel.Text = "Teams"
teamslabel.TextColor3 = Color3.fromRGB(255, 0, 0)
teamslabel.TextSize = 14.000

criminals.Name = "criminals"
criminals.Parent = teams
criminals.BackgroundColor3 = Color3.fromRGB(0, 0, 0)
criminals.BorderColor3 = Color3.fromRGB(255, 0, 0)
criminals.Position = UDim2.new(0, 0, 0.610000014, 0)
criminals.Size = UDim2.new(0, 42, 0, 39)
criminals.Font = Enum.Font.SourceSans
criminals.Text = "crims"
criminals.TextColor3 = Color3.fromRGB(255, 0, 0)
criminals.TextSize = 14.000
criminals.MouseButton1Down:connect(function()
local Apart = Instance.new("Part")

Apart.Name = "PlrsPos"
Apart.Parent = workspace
Apart.Anchored = true
Apart.Archivable = true
Apart.CFrame = CFrame.new(9e99, 9e99, 9e99)

LCS = game.Workspace["Criminals Spawn"].SpawnLocation
	
	_G.killAura = true
	wait(0.2)
	
	Apart.CFrame = game.Players.LocalPlayer.Character.HumanoidRootPart.CFrame
	Apart.Transparency = 1
	Apart.Anchored = true
	Apart.CanCollide = false
	
	istptoplr = true
	wait(0.004)
			
			
			LCS = game.Workspace["Criminals Spawn"].SpawnLocation

			LCS.CanCollide = false
			LCS.Size = Vector3.new(51.05, 24.12, 54.76)
			LCS.CFrame = game.Players.LocalPlayer.Character.HumanoidRootPart.CFrame
			LCS.Transparency = 1
		
		wait(2)
		
		      istptoplr = false
		_G.killAura = false
		
		wait(0.04)
		
		        if istptoplr == false then
		           LCS.CFrame = CFrame.new(-920.510803, 92.2271957, 2138.27002, 0, 0, -1, 0, 1, 0, 1, 0, 0)
		           LCS.Size = Vector3.new(6, 0.2, 6)
		           LCS.Transparency = 0
		           istptoplr = false
		    end
end)

guards.Name = "guards"
guards.Parent = teams
guards.BackgroundColor3 = Color3.fromRGB(0, 0, 0)
guards.BorderColor3 = Color3.fromRGB(255, 0, 0)
guards.Position = UDim2.new(0, 0, 0.249999702, 0)
guards.Size = UDim2.new(0, 42, 0, 37)
guards.AutoButtonColor = false
guards.Font = Enum.Font.SourceSans
guards.Text = "Guards"
guards.TextColor3 = Color3.fromRGB(255, 0, 0)
guards.TextSize = 14.000
guards.MouseButton1Down:connect(function()
workspace.Remote.TeamEvent:FireServer("Bright blue")
end)

inmates.Name = "inmates"
inmates.Parent = teams
inmates.BackgroundColor3 = Color3.fromRGB(0, 0, 0)
inmates.BorderColor3 = Color3.fromRGB(255, 0, 0)
inmates.Position = UDim2.new(0.488372087, 0, 0.249999702, 0)
inmates.Size = UDim2.new(0, 44, 0, 37)
inmates.Font = Enum.Font.SourceSans
inmates.Text = "prisoner"
inmates.TextColor3 = Color3.fromRGB(255, 0, 0)
inmates.TextSize = 14.000
inmates.MouseButton1Down:connect(function()
workspace.Remote.TeamEvent:FireServer("Bright orange")
end)

neutral.Name = "neutral"
neutral.Parent = teams
neutral.BackgroundColor3 = Color3.fromRGB(0, 0, 0)
neutral.BorderColor3 = Color3.fromRGB(255, 0, 0)
neutral.Position = UDim2.new(0.488372087, 0, 0.629999995, 0)
neutral.Size = UDim2.new(0, 44, 0, 37)
neutral.Font = Enum.Font.SourceSans
neutral.Text = "Neutral"
neutral.TextColor3 = Color3.fromRGB(255, 0, 0)
neutral.TextSize = 14.000
neutral.MouseButton1Down:connect(function()
workspace.Remote.TeamEvent:FireServer("Medium stone grey")
end)

kteams.Name = "kteams"
kteams.Parent = main
kteams.BackgroundColor3 = Color3.fromRGB(255, 255, 255)
kteams.Position = UDim2.new(0.148020655, 0, 0.0582278483, 0)
kteams.Size = UDim2.new(0, 87, 0, 100)

kteamslabel.Name = "kteamslabel"
kteamslabel.Parent = kteams
kteamslabel.BackgroundColor3 = Color3.fromRGB(0, 0, 0)
kteamslabel.BorderColor3 = Color3.fromRGB(255, 0, 0)
kteamslabel.Size = UDim2.new(0, 87, 0, 25)
kteamslabel.Font = Enum.Font.SourceSans
kteamslabel.Text = "kill team"
kteamslabel.TextColor3 = Color3.fromRGB(255, 0, 0)
kteamslabel.TextSize = 14.000

kcops.Name = "kcops"
kcops.Parent = kteams
kcops.BackgroundColor3 = Color3.fromRGB(0, 0, 0)
kcops.BorderColor3 = Color3.fromRGB(255, 0, 0)
kcops.Position = UDim2.new(0, 0, 0.249999702, 0)
kcops.Size = UDim2.new(0, 43, 0, 38)
kcops.Font = Enum.Font.SourceSans
kcops.Text = "guards"
kcops.TextColor3 = Color3.fromRGB(255, 0, 0)
kcops.TextSize = 14.000
kcops.MouseButton1Down:connect(function()
function kill(a)
local A_1 =
{
[1] =
{
["RayObject"] = Ray.new(Vector3.new(845.555908, 101.429337, 2269.43945), Vector3.new(-391.152252, 8.65560055, -83.2166901)),
["Distance"] = 3.2524313926697,
["Cframe"] = CFrame.new(840.310791, 101.334137, 2267.87988, 0.0636406094, 0.151434347, -0.986416459, 0, 0.988420188, 0.151741937, 0.997972965, -0.00965694897, 0.0629036576),
["Hit"] = a.Character.Head
},
  [2] =
{
["RayObject"] = Ray.new(Vector3.new(845.555908, 101.429337, 2269.43945), Vector3.new(-392.481476, -8.44939327, -76.7261353)),
["Distance"] = 3.2699294090271,
["Cframe"] = CFrame.new(840.290466, 101.184189, 2267.93506, 0.0964837447, 0.0589403138, -0.993587971, 4.65661287e-10, 0.998245299, 0.0592165813, 0.995334625, -0.00571343815, 0.0963144377),
["Hit"] = a.Character.Head
},
[3] =
{
["RayObject"] = Ray.new(Vector3.new(845.555908, 101.429337, 2269.43945), Vector3.new(-389.21701, -2.50536323, -92.2163162)),
["Distance"] = 3.1665518283844,
["Cframe"] = CFrame.new(840.338867, 101.236496, 2267.80371, 0.0166504811, 0.0941716284, -0.995416701, 1.16415322e-10, 0.995554805, 0.0941846818, 0.999861419, -0.00156822044, 0.0165764652),
["Hit"] = a.Character.Head
},
[4] =
{
["RayObject"] = Ray.new(Vector3.new(845.555908, 101.429337, 2269.43945), Vector3.new(-393.353973, 3.13988972, -72.5452042)),
["Distance"] = 3.3218522071838,
["Cframe"] = CFrame.new(840.277222, 101.285957, 2267.9707, 0.117109694, 0.118740402, -0.985994935, -1.86264515e-09, 0.992826641, 0.119563118, 0.993119001, -0.0140019981, 0.116269611),
["Hit"] = a.Character.Head
},
[5] =
{
["RayObject"] = Ray.new(Vector3.new(845.555908, 101.429337, 2269.43945), Vector3.new(-390.73172, 3.2097764, -85.5477524)),
["Distance"] = 3.222757101059,
["Cframe"] = CFrame.new(840.317993, 101.286423, 2267.86035, 0.0517584644, 0.123365127, -0.991010666, 0, 0.992340803, 0.123530701, 0.99865967, -0.00639375951, 0.0513620302),
["Hit"] = a.Character.Head
}
}
local A_2 = game.Players.LocalPlayer.Backpack["Remington 870"]
local Event = game:GetService("ReplicatedStorage").ShootEvent
Event:FireServer(A_1, A_2)
Event:FireServer(A_1, A_2)
end

for i,v in pairs(game.Teams.Guards:GetPlayers()) do
kill(v)
end
end)

kpris.Name = "kpris"
kpris.Parent = kteams
kpris.BackgroundColor3 = Color3.fromRGB(0, 0, 0)
kpris.BorderColor3 = Color3.fromRGB(255, 0, 0)
kpris.Position = UDim2.new(0.494252861, 0, 0.25, 0)
kpris.Size = UDim2.new(0, 44, 0, 38)
kpris.Font = Enum.Font.SourceSans
kpris.Text = "Prisoner"
kpris.TextColor3 = Color3.fromRGB(255, 0, 0)
kpris.TextSize = 14.000
kpris.MouseButton1Down:connect(function()
function kill(a)
local A_1 =
{
[1] =
{
["RayObject"] = Ray.new(Vector3.new(845.555908, 101.429337, 2269.43945), Vector3.new(-391.152252, 8.65560055, -83.2166901)),
["Distance"] = 3.2524313926697,
["Cframe"] = CFrame.new(840.310791, 101.334137, 2267.87988, 0.0636406094, 0.151434347, -0.986416459, 0, 0.988420188, 0.151741937, 0.997972965, -0.00965694897, 0.0629036576),
["Hit"] = a.Character.Head
},
  [2] =
{
["RayObject"] = Ray.new(Vector3.new(845.555908, 101.429337, 2269.43945), Vector3.new(-392.481476, -8.44939327, -76.7261353)),
["Distance"] = 3.2699294090271,
["Cframe"] = CFrame.new(840.290466, 101.184189, 2267.93506, 0.0964837447, 0.0589403138, -0.993587971, 4.65661287e-10, 0.998245299, 0.0592165813, 0.995334625, -0.00571343815, 0.0963144377),
["Hit"] = a.Character.Head
},
[3] =
{
["RayObject"] = Ray.new(Vector3.new(845.555908, 101.429337, 2269.43945), Vector3.new(-389.21701, -2.50536323, -92.2163162)),
["Distance"] = 3.1665518283844,
["Cframe"] = CFrame.new(840.338867, 101.236496, 2267.80371, 0.0166504811, 0.0941716284, -0.995416701, 1.16415322e-10, 0.995554805, 0.0941846818, 0.999861419, -0.00156822044, 0.0165764652),
["Hit"] = a.Character.Head
},
[4] =
{
["RayObject"] = Ray.new(Vector3.new(845.555908, 101.429337, 2269.43945), Vector3.new(-393.353973, 3.13988972, -72.5452042)),
["Distance"] = 3.3218522071838,
["Cframe"] = CFrame.new(840.277222, 101.285957, 2267.9707, 0.117109694, 0.118740402, -0.985994935, -1.86264515e-09, 0.992826641, 0.119563118, 0.993119001, -0.0140019981, 0.116269611),
["Hit"] = a.Character.Head
},
[5] =
{
["RayObject"] = Ray.new(Vector3.new(845.555908, 101.429337, 2269.43945), Vector3.new(-390.73172, 3.2097764, -85.5477524)),
["Distance"] = 3.222757101059,
["Cframe"] = CFrame.new(840.317993, 101.286423, 2267.86035, 0.0517584644, 0.123365127, -0.991010666, 0, 0.992340803, 0.123530701, 0.99865967, -0.00639375951, 0.0513620302),
["Hit"] = a.Character.Head
}
}
local A_2 = game.Players.LocalPlayer.Backpack["Remington 870"]
local Event = game:GetService("ReplicatedStorage").ShootEvent
Event:FireServer(A_1, A_2)
Event:FireServer(A_1, A_2)
end

for i,v in pairs(game.Teams.Inmates:GetPlayers()) do
kill(v)
end
end)

kcrims.Name = "kcrims"
kcrims.Parent = kteams
kcrims.BackgroundColor3 = Color3.fromRGB(0, 0, 0)
kcrims.BorderColor3 = Color3.fromRGB(255, 0, 0)
kcrims.Position = UDim2.new(0, 0, 0.629999995, 0)
kcrims.Size = UDim2.new(0, 43, 0, 37)
kcrims.Font = Enum.Font.SourceSans
kcrims.Text = "crims"
kcrims.TextColor3 = Color3.fromRGB(255, 0, 0)
kcrims.TextSize = 14.000
kcrims.MouseButton1Down:connect(function()
function kill(a)
local A_1 =
{
[1] =
{
["RayObject"] = Ray.new(Vector3.new(845.555908, 101.429337, 2269.43945), Vector3.new(-391.152252, 8.65560055, -83.2166901)),
["Distance"] = 3.2524313926697,
["Cframe"] = CFrame.new(840.310791, 101.334137, 2267.87988, 0.0636406094, 0.151434347, -0.986416459, 0, 0.988420188, 0.151741937, 0.997972965, -0.00965694897, 0.0629036576),
["Hit"] = a.Character.Head
},
  [2] =
{
["RayObject"] = Ray.new(Vector3.new(845.555908, 101.429337, 2269.43945), Vector3.new(-392.481476, -8.44939327, -76.7261353)),
["Distance"] = 3.2699294090271,
["Cframe"] = CFrame.new(840.290466, 101.184189, 2267.93506, 0.0964837447, 0.0589403138, -0.993587971, 4.65661287e-10, 0.998245299, 0.0592165813, 0.995334625, -0.00571343815, 0.0963144377),
["Hit"] = a.Character.Head
},
[3] =
{
["RayObject"] = Ray.new(Vector3.new(845.555908, 101.429337, 2269.43945), Vector3.new(-389.21701, -2.50536323, -92.2163162)),
["Distance"] = 3.1665518283844,
["Cframe"] = CFrame.new(840.338867, 101.236496, 2267.80371, 0.0166504811, 0.0941716284, -0.995416701, 1.16415322e-10, 0.995554805, 0.0941846818, 0.999861419, -0.00156822044, 0.0165764652),
["Hit"] = a.Character.Head
},
[4] =
{
["RayObject"] = Ray.new(Vector3.new(845.555908, 101.429337, 2269.43945), Vector3.new(-393.353973, 3.13988972, -72.5452042)),
["Distance"] = 3.3218522071838,
["Cframe"] = CFrame.new(840.277222, 101.285957, 2267.9707, 0.117109694, 0.118740402, -0.985994935, -1.86264515e-09, 0.992826641, 0.119563118, 0.993119001, -0.0140019981, 0.116269611),
["Hit"] = a.Character.Head
},
[5] =
{
["RayObject"] = Ray.new(Vector3.new(845.555908, 101.429337, 2269.43945), Vector3.new(-390.73172, 3.2097764, -85.5477524)),
["Distance"] = 3.222757101059,
["Cframe"] = CFrame.new(840.317993, 101.286423, 2267.86035, 0.0517584644, 0.123365127, -0.991010666, 0, 0.992340803, 0.123530701, 0.99865967, -0.00639375951, 0.0513620302),
["Hit"] = a.Character.Head
}
}
local A_2 = game.Players.LocalPlayer.Backpack["Remington 870"]
local Event = game:GetService("ReplicatedStorage").ShootEvent
Event:FireServer(A_1, A_2)
Event:FireServer(A_1, A_2)
end

for i,v in pairs(game.Teams.Criminals:GetPlayers()) do
kill(v)
end
end)

kskids.Name = "kskids"
kskids.Parent = kteams
kskids.BackgroundColor3 = Color3.fromRGB(0, 0, 0)
kskids.BorderColor3 = Color3.fromRGB(255, 0, 0)
kskids.Position = UDim2.new(0.494252861, 0, 0.629999995, 0)
kskids.Size = UDim2.new(0, 44, 0, 37)
kskids.Font = Enum.Font.SourceSans
kskids.Text = "skids"
kskids.TextColor3 = Color3.fromRGB(255, 0, 0)
kskids.TextSize = 14.000
kskids.MouseButton1Down:connect(function()
function kill(a)
local A_1 =
{
[1] =
{
["RayObject"] = Ray.new(Vector3.new(845.555908, 101.429337, 2269.43945), Vector3.new(-391.152252, 8.65560055, -83.2166901)),
["Distance"] = 3.2524313926697,
["Cframe"] = CFrame.new(840.310791, 101.334137, 2267.87988, 0.0636406094, 0.151434347, -0.986416459, 0, 0.988420188, 0.151741937, 0.997972965, -0.00965694897, 0.0629036576),
["Hit"] = a.Character.Head
},
  [2] =
{
["RayObject"] = Ray.new(Vector3.new(845.555908, 101.429337, 2269.43945), Vector3.new(-392.481476, -8.44939327, -76.7261353)),
["Distance"] = 3.2699294090271,
["Cframe"] = CFrame.new(840.290466, 101.184189, 2267.93506, 0.0964837447, 0.0589403138, -0.993587971, 4.65661287e-10, 0.998245299, 0.0592165813, 0.995334625, -0.00571343815, 0.0963144377),
["Hit"] = a.Character.Head
},
[3] =
{
["RayObject"] = Ray.new(Vector3.new(845.555908, 101.429337, 2269.43945), Vector3.new(-389.21701, -2.50536323, -92.2163162)),
["Distance"] = 3.1665518283844,
["Cframe"] = CFrame.new(840.338867, 101.236496, 2267.80371, 0.0166504811, 0.0941716284, -0.995416701, 1.16415322e-10, 0.995554805, 0.0941846818, 0.999861419, -0.00156822044, 0.0165764652),
["Hit"] = a.Character.Head
},
[4] =
{
["RayObject"] = Ray.new(Vector3.new(845.555908, 101.429337, 2269.43945), Vector3.new(-393.353973, 3.13988972, -72.5452042)),
["Distance"] = 3.3218522071838,
["Cframe"] = CFrame.new(840.277222, 101.285957, 2267.9707, 0.117109694, 0.118740402, -0.985994935, -1.86264515e-09, 0.992826641, 0.119563118, 0.993119001, -0.0140019981, 0.116269611),
["Hit"] = a.Character.Head
},
[5] =
{
["RayObject"] = Ray.new(Vector3.new(845.555908, 101.429337, 2269.43945), Vector3.new(-390.73172, 3.2097764, -85.5477524)),
["Distance"] = 3.222757101059,
["Cframe"] = CFrame.new(840.317993, 101.286423, 2267.86035, 0.0517584644, 0.123365127, -0.991010666, 0, 0.992340803, 0.123530701, 0.99865967, -0.00639375951, 0.0513620302),
["Hit"] = a.Character.Head
}
}
local A_2 = game.Players.LocalPlayer.Backpack["Remington 870"]
local Event = game:GetService("ReplicatedStorage").ShootEvent
Event:FireServer(A_1, A_2)
Event:FireServer(A_1, A_2)
end

for i,v in pairs(game.Teams.Neutral:GetPlayers()) do
kill(v)
end
end)

lkteam.Name = "lkteam"
lkteam.Parent = main
lkteam.BackgroundColor3 = Color3.fromRGB(255, 255, 255)
lkteam.Position = UDim2.new(0.297762483, 0, 0.0582278483, 0)
lkteam.Size = UDim2.new(0, 95, 0, 100)

lklabel.Name = "lklabel"
lklabel.Parent = lkteam
lklabel.BackgroundColor3 = Color3.fromRGB(0, 0, 0)
lklabel.BorderColor3 = Color3.fromRGB(255, 0, 0)
lklabel.Size = UDim2.new(0, 95, 0, 25)
lklabel.Font = Enum.Font.SourceSans
lklabel.TextColor3 = Color3.fromRGB(0, 0, 0)
lklabel.TextSize = 14.000

lkcopson.Name = "lkcopson"
lkcopson.Parent = lkteam
lkcopson.BackgroundColor3 = Color3.fromRGB(0, 0, 0)
lkcopson.BorderColor3 = Color3.fromRGB(255, 0, 0)
lkcopson.Position = UDim2.new(0, 0, 0.25, 0)
lkcopson.Size = UDim2.new(0, 48, 0, 38)
lkcopson.Font = Enum.Font.SourceSans
lkcopson.Text = "cops on"
lkcopson.TextColor3 = Color3.fromRGB(255, 0, 0)
lkcopson.TextSize = 14.000
lkcopson.Visible = false
lkcopson.MouseButton1Down:connect(function()
lkcopson.Visible = false
lkcopsoff.Visible = true
_G.Cops = false
while _G.Cops == true do wait()
function kill(a)
local A_1 =
{
[1] =
{
["RayObject"] = Ray.new(Vector3.new(845.555908, 101.429337, 2269.43945), Vector3.new(-391.152252, 8.65560055, -83.2166901)),
["Distance"] = 3.2524313926697,
["Cframe"] = CFrame.new(840.310791, 101.334137, 2267.87988, 0.0636406094, 0.151434347, -0.986416459, 0, 0.988420188, 0.151741937, 0.997972965, -0.00965694897, 0.0629036576),
["Hit"] = a.Character.Head
},
  [2] =
{
["RayObject"] = Ray.new(Vector3.new(845.555908, 101.429337, 2269.43945), Vector3.new(-392.481476, -8.44939327, -76.7261353)),
["Distance"] = 3.2699294090271,
["Cframe"] = CFrame.new(840.290466, 101.184189, 2267.93506, 0.0964837447, 0.0589403138, -0.993587971, 4.65661287e-10, 0.998245299, 0.0592165813, 0.995334625, -0.00571343815, 0.0963144377),
["Hit"] = a.Character.Head
},
[3] =
{
["RayObject"] = Ray.new(Vector3.new(845.555908, 101.429337, 2269.43945), Vector3.new(-389.21701, -2.50536323, -92.2163162)),
["Distance"] = 3.1665518283844,
["Cframe"] = CFrame.new(840.338867, 101.236496, 2267.80371, 0.0166504811, 0.0941716284, -0.995416701, 1.16415322e-10, 0.995554805, 0.0941846818, 0.999861419, -0.00156822044, 0.0165764652),
["Hit"] = a.Character.Head
},
[4] =
{
["RayObject"] = Ray.new(Vector3.new(845.555908, 101.429337, 2269.43945), Vector3.new(-393.353973, 3.13988972, -72.5452042)),
["Distance"] = 3.3218522071838,
["Cframe"] = CFrame.new(840.277222, 101.285957, 2267.9707, 0.117109694, 0.118740402, -0.985994935, -1.86264515e-09, 0.992826641, 0.119563118, 0.993119001, -0.0140019981, 0.116269611),
["Hit"] = a.Character.Head
},
[5] =
{
["RayObject"] = Ray.new(Vector3.new(845.555908, 101.429337, 2269.43945), Vector3.new(-390.73172, 3.2097764, -85.5477524)),
["Distance"] = 3.222757101059,
["Cframe"] = CFrame.new(840.317993, 101.286423, 2267.86035, 0.0517584644, 0.123365127, -0.991010666, 0, 0.992340803, 0.123530701, 0.99865967, -0.00639375951, 0.0513620302),
["Hit"] = a.Character.Head
}
}
local A_2 = game.Players.LocalPlayer.Backpack["Remington 870"]
local Event = game:GetService("ReplicatedStorage").ShootEvent
Event:FireServer(A_1, A_2)
Event:FireServer(A_1, A_2)
end

for i,v in pairs(game.Teams.Guards:GetPlayers()) do
kill(v)
end
end
end)

lkcopsoff.Name = "lkcopsoff"
lkcopsoff.Parent = lkteam
lkcopsoff.BackgroundColor3 = Color3.fromRGB(0, 0, 0)
lkcopsoff.BorderColor3 = Color3.fromRGB(255, 0, 0)
lkcopsoff.Position = UDim2.new(0, 0, 0.25, 0)
lkcopsoff.Size = UDim2.new(0, 48, 0, 38)
lkcopsoff.Font = Enum.Font.SourceSans
lkcopsoff.Text = "cops off"
lkcopsoff.TextColor3 = Color3.fromRGB(255, 0, 0)
lkcopsoff.TextSize = 14.000
lkcopsoff.Visible = true
lkcopsoff.MouseButton1Down:connect(function()
lkcopson.Visible = true
lkcopsoff.Visible = false
_G.Cops = true
while _G.Cops == true do wait()
function kill(a)
local A_1 =
{
[1] =
{
["RayObject"] = Ray.new(Vector3.new(845.555908, 101.429337, 2269.43945), Vector3.new(-391.152252, 8.65560055, -83.2166901)),
["Distance"] = 3.2524313926697,
["Cframe"] = CFrame.new(840.310791, 101.334137, 2267.87988, 0.0636406094, 0.151434347, -0.986416459, 0, 0.988420188, 0.151741937, 0.997972965, -0.00965694897, 0.0629036576),
["Hit"] = a.Character.Head
},
  [2] =
{
["RayObject"] = Ray.new(Vector3.new(845.555908, 101.429337, 2269.43945), Vector3.new(-392.481476, -8.44939327, -76.7261353)),
["Distance"] = 3.2699294090271,
["Cframe"] = CFrame.new(840.290466, 101.184189, 2267.93506, 0.0964837447, 0.0589403138, -0.993587971, 4.65661287e-10, 0.998245299, 0.0592165813, 0.995334625, -0.00571343815, 0.0963144377),
["Hit"] = a.Character.Head
},
[3] =
{
["RayObject"] = Ray.new(Vector3.new(845.555908, 101.429337, 2269.43945), Vector3.new(-389.21701, -2.50536323, -92.2163162)),
["Distance"] = 3.1665518283844,
["Cframe"] = CFrame.new(840.338867, 101.236496, 2267.80371, 0.0166504811, 0.0941716284, -0.995416701, 1.16415322e-10, 0.995554805, 0.0941846818, 0.999861419, -0.00156822044, 0.0165764652),
["Hit"] = a.Character.Head
},
[4] =
{
["RayObject"] = Ray.new(Vector3.new(845.555908, 101.429337, 2269.43945), Vector3.new(-393.353973, 3.13988972, -72.5452042)),
["Distance"] = 3.3218522071838,
["Cframe"] = CFrame.new(840.277222, 101.285957, 2267.9707, 0.117109694, 0.118740402, -0.985994935, -1.86264515e-09, 0.992826641, 0.119563118, 0.993119001, -0.0140019981, 0.116269611),
["Hit"] = a.Character.Head
},
[5] =
{
["RayObject"] = Ray.new(Vector3.new(845.555908, 101.429337, 2269.43945), Vector3.new(-390.73172, 3.2097764, -85.5477524)),
["Distance"] = 3.222757101059,
["Cframe"] = CFrame.new(840.317993, 101.286423, 2267.86035, 0.0517584644, 0.123365127, -0.991010666, 0, 0.992340803, 0.123530701, 0.99865967, -0.00639375951, 0.0513620302),
["Hit"] = a.Character.Head
}
}
local A_2 = game.Players.LocalPlayer.Backpack["Remington 870"]
local Event = game:GetService("ReplicatedStorage").ShootEvent
Event:FireServer(A_1, A_2)
Event:FireServer(A_1, A_2)
end

for i,v in pairs(game.Teams.Guards:GetPlayers()) do
kill(v)
end
end
end)

lkskidson.Name = "lkskidson"
lkskidson.Parent = lkteam
lkskidson.BackgroundColor3 = Color3.fromRGB(0, 0, 0)
lkskidson.BorderColor3 = Color3.fromRGB(255, 0, 0)
lkskidson.Position = UDim2.new(0.50526315, 0, 0.629999995, 0)
lkskidson.Size = UDim2.new(0, 47, 0, 37)
lkskidson.Font = Enum.Font.SourceSans
lkskidson.Text = "skids on"
lkskidson.TextColor3 = Color3.fromRGB(255, 0, 0)
lkskidson.TextSize = 14.000
lkskidson.Visible = false
lkskidson.MouseButton1Down:connect(function()
lkskidson.Visible = false
lkskidsoff.Visible = true
_G.Skids = false
while _G.Skids == true do wait()
function kill(a)
local A_1 =
{
[1] =
{
["RayObject"] = Ray.new(Vector3.new(845.555908, 101.429337, 2269.43945), Vector3.new(-391.152252, 8.65560055, -83.2166901)),
["Distance"] = 3.2524313926697,
["Cframe"] = CFrame.new(840.310791, 101.334137, 2267.87988, 0.0636406094, 0.151434347, -0.986416459, 0, 0.988420188, 0.151741937, 0.997972965, -0.00965694897, 0.0629036576),
["Hit"] = a.Character.Head
},
  [2] =
{
["RayObject"] = Ray.new(Vector3.new(845.555908, 101.429337, 2269.43945), Vector3.new(-392.481476, -8.44939327, -76.7261353)),
["Distance"] = 3.2699294090271,
["Cframe"] = CFrame.new(840.290466, 101.184189, 2267.93506, 0.0964837447, 0.0589403138, -0.993587971, 4.65661287e-10, 0.998245299, 0.0592165813, 0.995334625, -0.00571343815, 0.0963144377),
["Hit"] = a.Character.Head
},
[3] =
{
["RayObject"] = Ray.new(Vector3.new(845.555908, 101.429337, 2269.43945), Vector3.new(-389.21701, -2.50536323, -92.2163162)),
["Distance"] = 3.1665518283844,
["Cframe"] = CFrame.new(840.338867, 101.236496, 2267.80371, 0.0166504811, 0.0941716284, -0.995416701, 1.16415322e-10, 0.995554805, 0.0941846818, 0.999861419, -0.00156822044, 0.0165764652),
["Hit"] = a.Character.Head
},
[4] =
{
["RayObject"] = Ray.new(Vector3.new(845.555908, 101.429337, 2269.43945), Vector3.new(-393.353973, 3.13988972, -72.5452042)),
["Distance"] = 3.3218522071838,
["Cframe"] = CFrame.new(840.277222, 101.285957, 2267.9707, 0.117109694, 0.118740402, -0.985994935, -1.86264515e-09, 0.992826641, 0.119563118, 0.993119001, -0.0140019981, 0.116269611),
["Hit"] = a.Character.Head
},
[5] =
{
["RayObject"] = Ray.new(Vector3.new(845.555908, 101.429337, 2269.43945), Vector3.new(-390.73172, 3.2097764, -85.5477524)),
["Distance"] = 3.222757101059,
["Cframe"] = CFrame.new(840.317993, 101.286423, 2267.86035, 0.0517584644, 0.123365127, -0.991010666, 0, 0.992340803, 0.123530701, 0.99865967, -0.00639375951, 0.0513620302),
["Hit"] = a.Character.Head
}
}
local A_2 = game.Players.LocalPlayer.Backpack["Remington 870"]
local Event = game:GetService("ReplicatedStorage").ShootEvent
Event:FireServer(A_1, A_2)
Event:FireServer(A_1, A_2)
end

for i,v in pairs(game.Teams.Neutral:GetPlayers()) do
kill(v)
end
end
end)

lkskidsoff.Name = "lkskidsoff"
lkskidsoff.Parent = lkteam
lkskidsoff.BackgroundColor3 = Color3.fromRGB(0, 0, 0)
lkskidsoff.BorderColor3 = Color3.fromRGB(255, 0, 0)
lkskidsoff.Position = UDim2.new(0.50526315, 0, 0.629999995, 0)
lkskidsoff.Size = UDim2.new(0, 47, 0, 37)
lkskidsoff.Font = Enum.Font.SourceSans
lkskidsoff.Text = "skids off"
lkskidsoff.TextColor3 = Color3.fromRGB(255, 0, 0)
lkskidsoff.TextSize = 14.000
lkskidsoff.Visible = true
lkskidsoff.MouseButton1Down:connect(function()
lkskidsoff.Visible = false
lkskidson.Visible = true
_G.Skids = true
while _G.Skids == true do wait()
function kill(a)
local A_1 =
{
[1] =
{
["RayObject"] = Ray.new(Vector3.new(845.555908, 101.429337, 2269.43945), Vector3.new(-391.152252, 8.65560055, -83.2166901)),
["Distance"] = 3.2524313926697,
["Cframe"] = CFrame.new(840.310791, 101.334137, 2267.87988, 0.0636406094, 0.151434347, -0.986416459, 0, 0.988420188, 0.151741937, 0.997972965, -0.00965694897, 0.0629036576),
["Hit"] = a.Character.Head
},
  [2] =
{
["RayObject"] = Ray.new(Vector3.new(845.555908, 101.429337, 2269.43945), Vector3.new(-392.481476, -8.44939327, -76.7261353)),
["Distance"] = 3.2699294090271,
["Cframe"] = CFrame.new(840.290466, 101.184189, 2267.93506, 0.0964837447, 0.0589403138, -0.993587971, 4.65661287e-10, 0.998245299, 0.0592165813, 0.995334625, -0.00571343815, 0.0963144377),
["Hit"] = a.Character.Head
},
[3] =
{
["RayObject"] = Ray.new(Vector3.new(845.555908, 101.429337, 2269.43945), Vector3.new(-389.21701, -2.50536323, -92.2163162)),
["Distance"] = 3.1665518283844,
["Cframe"] = CFrame.new(840.338867, 101.236496, 2267.80371, 0.0166504811, 0.0941716284, -0.995416701, 1.16415322e-10, 0.995554805, 0.0941846818, 0.999861419, -0.00156822044, 0.0165764652),
["Hit"] = a.Character.Head
},
[4] =
{
["RayObject"] = Ray.new(Vector3.new(845.555908, 101.429337, 2269.43945), Vector3.new(-393.353973, 3.13988972, -72.5452042)),
["Distance"] = 3.3218522071838,
["Cframe"] = CFrame.new(840.277222, 101.285957, 2267.9707, 0.117109694, 0.118740402, -0.985994935, -1.86264515e-09, 0.992826641, 0.119563118, 0.993119001, -0.0140019981, 0.116269611),
["Hit"] = a.Character.Head
},
[5] =
{
["RayObject"] = Ray.new(Vector3.new(845.555908, 101.429337, 2269.43945), Vector3.new(-390.73172, 3.2097764, -85.5477524)),
["Distance"] = 3.222757101059,
["Cframe"] = CFrame.new(840.317993, 101.286423, 2267.86035, 0.0517584644, 0.123365127, -0.991010666, 0, 0.992340803, 0.123530701, 0.99865967, -0.00639375951, 0.0513620302),
["Hit"] = a.Character.Head
}
}
local A_2 = game.Players.LocalPlayer.Backpack["Remington 870"]
local Event = game:GetService("ReplicatedStorage").ShootEvent
Event:FireServer(A_1, A_2)
Event:FireServer(A_1, A_2)
end

for i,v in pairs(game.Teams.Neutral:GetPlayers()) do
kill(v)
end
end
end)

lkcrimson.Name = "lkcrimson"
lkcrimson.Parent = lkteam
lkcrimson.BackgroundColor3 = Color3.fromRGB(0, 0, 0)
lkcrimson.BorderColor3 = Color3.fromRGB(255, 0, 0)
lkcrimson.Position = UDim2.new(0, 0, 0.629999995, 0)
lkcrimson.Size = UDim2.new(0, 48, 0, 37)
lkcrimson.Font = Enum.Font.SourceSans
lkcrimson.Text = "crims on"
lkcrimson.TextColor3 = Color3.fromRGB(255, 0, 0)
lkcrimson.TextSize = 14.000
lkcrimson.Visible = false
lkcrimson.MouseButton1Down:connect(function()
lkcrimson.Visible = false
lkcrimsoff.Visible = true
_G.Crims = false
while _G.Crims == true do wait()
function kill(a)
local A_1 =
{
[1] =
{
["RayObject"] = Ray.new(Vector3.new(845.555908, 101.429337, 2269.43945), Vector3.new(-391.152252, 8.65560055, -83.2166901)),
["Distance"] = 3.2524313926697,
["Cframe"] = CFrame.new(840.310791, 101.334137, 2267.87988, 0.0636406094, 0.151434347, -0.986416459, 0, 0.988420188, 0.151741937, 0.997972965, -0.00965694897, 0.0629036576),
["Hit"] = a.Character.Head
},
  [2] =
{
["RayObject"] = Ray.new(Vector3.new(845.555908, 101.429337, 2269.43945), Vector3.new(-392.481476, -8.44939327, -76.7261353)),
["Distance"] = 3.2699294090271,
["Cframe"] = CFrame.new(840.290466, 101.184189, 2267.93506, 0.0964837447, 0.0589403138, -0.993587971, 4.65661287e-10, 0.998245299, 0.0592165813, 0.995334625, -0.00571343815, 0.0963144377),
["Hit"] = a.Character.Head
},
[3] =
{
["RayObject"] = Ray.new(Vector3.new(845.555908, 101.429337, 2269.43945), Vector3.new(-389.21701, -2.50536323, -92.2163162)),
["Distance"] = 3.1665518283844,
["Cframe"] = CFrame.new(840.338867, 101.236496, 2267.80371, 0.0166504811, 0.0941716284, -0.995416701, 1.16415322e-10, 0.995554805, 0.0941846818, 0.999861419, -0.00156822044, 0.0165764652),
["Hit"] = a.Character.Head
},
[4] =
{
["RayObject"] = Ray.new(Vector3.new(845.555908, 101.429337, 2269.43945), Vector3.new(-393.353973, 3.13988972, -72.5452042)),
["Distance"] = 3.3218522071838,
["Cframe"] = CFrame.new(840.277222, 101.285957, 2267.9707, 0.117109694, 0.118740402, -0.985994935, -1.86264515e-09, 0.992826641, 0.119563118, 0.993119001, -0.0140019981, 0.116269611),
["Hit"] = a.Character.Head
},
[5] =
{
["RayObject"] = Ray.new(Vector3.new(845.555908, 101.429337, 2269.43945), Vector3.new(-390.73172, 3.2097764, -85.5477524)),
["Distance"] = 3.222757101059,
["Cframe"] = CFrame.new(840.317993, 101.286423, 2267.86035, 0.0517584644, 0.123365127, -0.991010666, 0, 0.992340803, 0.123530701, 0.99865967, -0.00639375951, 0.0513620302),
["Hit"] = a.Character.Head
}
}
local A_2 = game.Players.LocalPlayer.Backpack["Remington 870"]
local Event = game:GetService("ReplicatedStorage").ShootEvent
Event:FireServer(A_1, A_2)
Event:FireServer(A_1, A_2)
end

for i,v in pairs(game.Teams.Criminals:GetPlayers()) do
kill(v)
end
end
end)

lkcrimsoff.Name = "lkcrimsoff"
lkcrimsoff.Parent = lkteam
lkcrimsoff.BackgroundColor3 = Color3.fromRGB(0, 0, 0)
lkcrimsoff.BorderColor3 = Color3.fromRGB(255, 0, 0)
lkcrimsoff.Position = UDim2.new(0, 0, 0.629999995, 0)
lkcrimsoff.Size = UDim2.new(0, 48, 0, 37)
lkcrimsoff.Font = Enum.Font.SourceSans
lkcrimsoff.Text = "crims off"
lkcrimsoff.TextColor3 = Color3.fromRGB(255, 0, 0)
lkcrimsoff.TextSize = 14.000
lkcrimsoff.Visible = true
lkcrimsoff.MouseButton1Down:connect(function()
lkcrimsoff.Visible = false
lkcrimson.Visible = true
_G.Crims = true
while _G.Crims == true do wait()
function kill(a)
local A_1 =
{
[1] =
{
["RayObject"] = Ray.new(Vector3.new(845.555908, 101.429337, 2269.43945), Vector3.new(-391.152252, 8.65560055, -83.2166901)),
["Distance"] = 3.2524313926697,
["Cframe"] = CFrame.new(840.310791, 101.334137, 2267.87988, 0.0636406094, 0.151434347, -0.986416459, 0, 0.988420188, 0.151741937, 0.997972965, -0.00965694897, 0.0629036576),
["Hit"] = a.Character.Head
},
  [2] =
{
["RayObject"] = Ray.new(Vector3.new(845.555908, 101.429337, 2269.43945), Vector3.new(-392.481476, -8.44939327, -76.7261353)),
["Distance"] = 3.2699294090271,
["Cframe"] = CFrame.new(840.290466, 101.184189, 2267.93506, 0.0964837447, 0.0589403138, -0.993587971, 4.65661287e-10, 0.998245299, 0.0592165813, 0.995334625, -0.00571343815, 0.0963144377),
["Hit"] = a.Character.Head
},
[3] =
{
["RayObject"] = Ray.new(Vector3.new(845.555908, 101.429337, 2269.43945), Vector3.new(-389.21701, -2.50536323, -92.2163162)),
["Distance"] = 3.1665518283844,
["Cframe"] = CFrame.new(840.338867, 101.236496, 2267.80371, 0.0166504811, 0.0941716284, -0.995416701, 1.16415322e-10, 0.995554805, 0.0941846818, 0.999861419, -0.00156822044, 0.0165764652),
["Hit"] = a.Character.Head
},
[4] =
{
["RayObject"] = Ray.new(Vector3.new(845.555908, 101.429337, 2269.43945), Vector3.new(-393.353973, 3.13988972, -72.5452042)),
["Distance"] = 3.3218522071838,
["Cframe"] = CFrame.new(840.277222, 101.285957, 2267.9707, 0.117109694, 0.118740402, -0.985994935, -1.86264515e-09, 0.992826641, 0.119563118, 0.993119001, -0.0140019981, 0.116269611),
["Hit"] = a.Character.Head
},
[5] =
{
["RayObject"] = Ray.new(Vector3.new(845.555908, 101.429337, 2269.43945), Vector3.new(-390.73172, 3.2097764, -85.5477524)),
["Distance"] = 3.222757101059,
["Cframe"] = CFrame.new(840.317993, 101.286423, 2267.86035, 0.0517584644, 0.123365127, -0.991010666, 0, 0.992340803, 0.123530701, 0.99865967, -0.00639375951, 0.0513620302),
["Hit"] = a.Character.Head
}
}
local A_2 = game.Players.LocalPlayer.Backpack["Remington 870"]
local Event = game:GetService("ReplicatedStorage").ShootEvent
Event:FireServer(A_1, A_2)
Event:FireServer(A_1, A_2)
end

for i,v in pairs(game.Teams.Criminals:GetPlayers()) do
kill(v)
end
end
end)

lkprison.Name = "lkprison"
lkprison.Parent = lkteam
lkprison.BackgroundColor3 = Color3.fromRGB(0, 0, 0)
lkprison.BorderColor3 = Color3.fromRGB(255, 0, 0)
lkprison.Position = UDim2.new(0.50526315, 0, 0.25, 0)
lkprison.Size = UDim2.new(0, 47, 0, 38)
lkprison.Font = Enum.Font.SourceSans
lkprison.Text = "pris on"
lkprison.TextColor3 = Color3.fromRGB(255, 0, 0)
lkprison.TextSize = 14.000
lkprison.Visible = false
lkprison.MouseButton1Down:connect(function()
lkprison.Visible = false
lkprisoff.Visible = true
_G.Pris = false
while _G.Pris == true do wait()
function kill(a)
local A_1 =
{
[1] =
{
["RayObject"] = Ray.new(Vector3.new(845.555908, 101.429337, 2269.43945), Vector3.new(-391.152252, 8.65560055, -83.2166901)),
["Distance"] = 3.2524313926697,
["Cframe"] = CFrame.new(840.310791, 101.334137, 2267.87988, 0.0636406094, 0.151434347, -0.986416459, 0, 0.988420188, 0.151741937, 0.997972965, -0.00965694897, 0.0629036576),
["Hit"] = a.Character.Head
},
  [2] =
{
["RayObject"] = Ray.new(Vector3.new(845.555908, 101.429337, 2269.43945), Vector3.new(-392.481476, -8.44939327, -76.7261353)),
["Distance"] = 3.2699294090271,
["Cframe"] = CFrame.new(840.290466, 101.184189, 2267.93506, 0.0964837447, 0.0589403138, -0.993587971, 4.65661287e-10, 0.998245299, 0.0592165813, 0.995334625, -0.00571343815, 0.0963144377),
["Hit"] = a.Character.Head
},
[3] =
{
["RayObject"] = Ray.new(Vector3.new(845.555908, 101.429337, 2269.43945), Vector3.new(-389.21701, -2.50536323, -92.2163162)),
["Distance"] = 3.1665518283844,
["Cframe"] = CFrame.new(840.338867, 101.236496, 2267.80371, 0.0166504811, 0.0941716284, -0.995416701, 1.16415322e-10, 0.995554805, 0.0941846818, 0.999861419, -0.00156822044, 0.0165764652),
["Hit"] = a.Character.Head
},
[4] =
{
["RayObject"] = Ray.new(Vector3.new(845.555908, 101.429337, 2269.43945), Vector3.new(-393.353973, 3.13988972, -72.5452042)),
["Distance"] = 3.3218522071838,
["Cframe"] = CFrame.new(840.277222, 101.285957, 2267.9707, 0.117109694, 0.118740402, -0.985994935, -1.86264515e-09, 0.992826641, 0.119563118, 0.993119001, -0.0140019981, 0.116269611),
["Hit"] = a.Character.Head
},
[5] =
{
["RayObject"] = Ray.new(Vector3.new(845.555908, 101.429337, 2269.43945), Vector3.new(-390.73172, 3.2097764, -85.5477524)),
["Distance"] = 3.222757101059,
["Cframe"] = CFrame.new(840.317993, 101.286423, 2267.86035, 0.0517584644, 0.123365127, -0.991010666, 0, 0.992340803, 0.123530701, 0.99865967, -0.00639375951, 0.0513620302),
["Hit"] = a.Character.Head
}
}
local A_2 = game.Players.LocalPlayer.Backpack["Remington 870"]
local Event = game:GetService("ReplicatedStorage").ShootEvent
Event:FireServer(A_1, A_2)
Event:FireServer(A_1, A_2)
end

for i,v in pairs(game.Teams.Inmates:GetPlayers()) do
kill(v)
end
end
end)

lkprisoff.Name = "lkprisoff"
lkprisoff.Parent = lkteam
lkprisoff.BackgroundColor3 = Color3.fromRGB(0, 0, 0)
lkprisoff.BorderColor3 = Color3.fromRGB(255, 0, 0)
lkprisoff.Position = UDim2.new(0.50526315, 0, 0.25, 0)
lkprisoff.Size = UDim2.new(0, 47, 0, 38)
lkprisoff.Font = Enum.Font.SourceSans
lkprisoff.Text = "pris off"
lkprisoff.TextColor3 = Color3.fromRGB(255, 0, 0)
lkprisoff.TextSize = 14.000
lkprisoff.Visible = true
lkprisoff.MouseButton1Down:connect(function()
lkprisoff.Visible = false
lkprison.Visible = true
_G.Pris = true
while _G.Pris == true do wait()
function kill(a)
local A_1 =
{
[1] =
{
["RayObject"] = Ray.new(Vector3.new(845.555908, 101.429337, 2269.43945), Vector3.new(-391.152252, 8.65560055, -83.2166901)),
["Distance"] = 3.2524313926697,
["Cframe"] = CFrame.new(840.310791, 101.334137, 2267.87988, 0.0636406094, 0.151434347, -0.986416459, 0, 0.988420188, 0.151741937, 0.997972965, -0.00965694897, 0.0629036576),
["Hit"] = a.Character.Head
},
  [2] =
{
["RayObject"] = Ray.new(Vector3.new(845.555908, 101.429337, 2269.43945), Vector3.new(-392.481476, -8.44939327, -76.7261353)),
["Distance"] = 3.2699294090271,
["Cframe"] = CFrame.new(840.290466, 101.184189, 2267.93506, 0.0964837447, 0.0589403138, -0.993587971, 4.65661287e-10, 0.998245299, 0.0592165813, 0.995334625, -0.00571343815, 0.0963144377),
["Hit"] = a.Character.Head
},
[3] =
{
["RayObject"] = Ray.new(Vector3.new(845.555908, 101.429337, 2269.43945), Vector3.new(-389.21701, -2.50536323, -92.2163162)),
["Distance"] = 3.1665518283844,
["Cframe"] = CFrame.new(840.338867, 101.236496, 2267.80371, 0.0166504811, 0.0941716284, -0.995416701, 1.16415322e-10, 0.995554805, 0.0941846818, 0.999861419, -0.00156822044, 0.0165764652),
["Hit"] = a.Character.Head
},
[4] =
{
["RayObject"] = Ray.new(Vector3.new(845.555908, 101.429337, 2269.43945), Vector3.new(-393.353973, 3.13988972, -72.5452042)),
["Distance"] = 3.3218522071838,
["Cframe"] = CFrame.new(840.277222, 101.285957, 2267.9707, 0.117109694, 0.118740402, -0.985994935, -1.86264515e-09, 0.992826641, 0.119563118, 0.993119001, -0.0140019981, 0.116269611),
["Hit"] = a.Character.Head
},
[5] =
{
